StartTime: 2023-05-27 22:54:23.805
address	Time(s)	ax(g)	ay(g)	az(g)	wx(deg/s)	wy(deg/s)	wz(deg/s)	AngleX(deg)	AngleY(deg)	AngleZ(deg)	T(°)	Voltage(v)	hx	hy	hz	SV	PDOP	HDOP	VDOP
0x50	 22:54:23.805	-0.0215	-0.0029	1.0000	0.0000	0.0000	0.0000	-0.0549	1.3184	25.3894	35.27	3.99	2133	4408	-4442	0	0.00	0.00	0.00
0x50	 22:54:23.915	-0.0215	-0.0034	1.0005	0.0000	0.0000	0.0000	-0.0604	1.3129	25.3784	35.30	3.99	2129	4402	-4450	0	0.00	0.00	0.00
0x50	 22:54:23.996	-0.0215	-0.0029	1.0010	0.0000	0.0000	0.0000	-0.0659	1.3074	25.3674	35.27	3.99	2133	4407	-4417	0	0.00	0.00	0.00
0x50	 22:54:24.105	-0.0225	-0.0029	0.9995	0.0000	0.0000	0.0000	-0.0769	1.3074	25.3564	35.26	3.99	2127	4418	-4434	0	0.00	0.00	0.00
0x50	 22:54:24.189	-0.0220	-0.0024	1.0000	0.0000	0.0000	0.0000	-0.0769	1.3019	25.3455	35.24	3.99	2124	4417	-4454	0	0.00	0.00	0.00
0x50	 22:54:24.307	-0.0215	-0.0029	1.0010	0.0000	0.0000	0.0000	-0.0824	1.3019	25.3345	35.28	3.99	2130	4435	-4448	0	0.00	0.00	0.00
0x50	 22:54:24.390	-0.0234	-0.0049	0.9971	0.0610	-0.4272	0.0000	-0.0879	1.2964	25.3235	35.27	3.99	2122	4425	-4448	0	0.00	0.00	0.00
0x50	 22:54:24.496	-0.0254	-0.0029	0.9966	-0.9766	-3.0518	-4.6997	-0.1373	1.4996	26.3068	35.26	3.99	2187	4433	-4452	0	0.00	0.00	0.00
0x50	 22:54:24.608	-0.0239	-0.0029	0.9990	0.0000	0.0000	-0.1221	-0.1318	1.4227	26.1859	35.26	3.99	2183	4465	-4452	0	0.00	0.00	0.00
0x50	 22:54:24.711	-0.0234	-0.0039	0.9995	0.0000	0.0000	0.0000	-0.1318	1.4172	26.1200	35.29	3.99	2193	4452	-4463	0	0.00	0.00	0.00
0x50	 22:54:24.796	-0.0239	-0.0034	0.9980	0.0610	-0.3052	0.2441	-0.1373	1.4117	26.0706	35.29	3.99	2206	4447	-4476	0	0.00	0.00	0.00
0x50	 22:54:24.909	-0.0239	-0.0024	1.0000	0.0610	-0.4883	-0.0610	-0.1373	1.3568	26.0211	35.26	3.99	2192	4451	-4484	0	0.00	0.00	0.00
0x50	 22:54:25.008	-0.0225	-0.0034	0.9995	0.0000	0.0000	0.0000	-0.1428	1.3458	25.9662	35.26	3.99	2187	4436	-4472	0	0.00	0.00	0.00
0x50	 22:54:25.087	-0.0229	-0.0029	1.0000	0.0000	0.0000	0.0000	-0.1428	1.3458	25.9222	35.23	3.99	2194	4449	-4474	0	0.00	0.00	0.00
0x50	 22:54:25.196	-0.0225	-0.0225	0.9985	4.2114	-0.7324	-0.3052	-0.0879	1.3348	25.8783	35.26	3.99	2188	4455	-4503	0	0.00	0.00	0.00
0x50	 22:54:25.305	-0.0327	-0.0728	1.0669	-1.8921	-7.0801	57.8613	-0.0549	1.2524	25.9167	35.26	3.99	2138	4364	-4465	0	0.00	0.00	0.00
0x50	 22:54:25.398	-0.0044	0.0815	1.1201	44.0063	-3.9063	81.3599	1.8677	-1.0657	30.9814	35.27	3.99	2062	4260	-4563	0	0.00	0.00	0.00
0x50	 22:54:25.507	-0.0010	0.0581	1.0337	16.1133	33.6304	22.1558	4.2078	0.0439	35.0024	35.29	3.99	1954	3568	-5223	0	0.00	0.00	0.00
0x50	 22:54:25.591	-0.0630	0.0923	0.9170	15.8691	41.5649	35.4004	5.6799	5.0922	35.0244	35.26	3.99	1776	2317	-5903	0	0.00	0.00	0.00
0x50	 22:54:25.716	-0.1694	0.0645	0.8999	-30.5786	58.4106	12.3291	4.1473	10.6842	37.0294	35.26	3.99	2078	1778	-6111	0	0.00	0.00	0.00
0x50	 22:54:25.798	-0.1763	-0.0132	0.9746	-70.1904	-33.6914	-2.6855	-1.4941	11.6785	36.3208	35.24	3.99	2306	2287	-5830	0	0.00	0.00	0.00
0x50	 22:54:25.908	-0.1299	-0.1045	1.0415	-88.9893	-66.2231	-41.0767	-7.9596	7.2729	33.1787	35.26	3.99	1791	2986	-5293	0	0.00	0.00	0.00
0x50	 22:54:25.992	0.0444	-0.2881	0.9019	-97.3511	-15.2588	9.3994	-16.8365	2.7411	31.2067	35.26	3.99	915	3747	-4550	0	0.00	0.00	0.00
0x50	 22:54:26.101	0.0000	-0.4971	0.8184	-147.9492	-1.4038	-36.1328	-28.0151	1.4008	27.9163	35.26	3.99	364	4697	-4029	0	0.00	0.00	0.00
0x50	 22:54:26.205	-0.0063	-0.6064	0.7964	-85.4492	11.4746	-26.8555	-34.8871	0.0879	26.4496	35.29	3.99	-13	5574	-3389	0	0.00	0.00	0.00
0x50	 22:54:26.306	0.0273	-0.6782	0.8032	-40.1001	17.7612	2.9907	-39.8969	-0.8679	22.7362	35.28	3.99	-204	6043	-2855	0	0.00	0.00	0.00
0x50	 22:54:26.401	0.0298	-0.6074	0.8516	129.0283	-16.8457	0.0000	-36.4362	-0.8844	21.0553	35.27	3.99	-267	5913	-3000	0	0.00	0.00	0.00
0x50	 22:54:26.522	0.0376	-0.4634	0.9102	97.4731	-8.2397	23.0103	-26.5869	-0.9613	20.6598	35.26	3.99	-408	4944	-3707	0	0.00	0.00	0.00
0x50	 22:54:26.606	0.0190	-0.3062	0.9712	114.8071	15.1978	64.5752	-18.1274	0.1373	21.9946	35.27	3.99	-465	4019	-4404	0	0.00	0.00	0.00
0x50	 22:54:26.690	-0.0386	-0.2061	0.9966	51.2695	-6.4087	3.4180	-11.4862	1.2469	22.5494	35.30	3.99	-434	3234	-5008	0	0.00	0.00	0.00
0x50	 22:54:26.805	-0.0293	-0.1421	1.0024	57.5562	-14.7095	4.6997	-6.7786	0.6482	20.4071	35.26	3.99	-562	2538	-5314	0	0.00	0.00	0.00
0x50	 22:54:26.898	0.0254	-0.0244	0.9878	46.9971	-12.5122	17.8833	-1.4832	-0.6097	18.1934	35.26	3.99	-755	1813	-5365	0	0.00	0.00	0.00
0x50	 22:54:26.990	0.0913	0.0664	1.0000	40.0391	-30.0293	5.5542	2.2961	-3.1421	16.3477	35.27	3.99	-983	1368	-5153	0	0.00	0.00	0.00
0x50	 22:54:27.112	0.1621	0.1401	0.9863	99.3652	-26.1841	25.9399	8.0530	-5.8337	14.7656	35.26	3.99	-1217	902	-4896	0	0.00	0.00	0.00
0x50	 22:54:27.187	0.1729	0.3296	0.9233	77.0874	-18.0054	61.0962	18.9130	-9.5966	14.8865	35.27	3.99	-1470	132	-4312	0	0.00	0.00	0.00
0x50	 22:54:27.328	0.3115	0.4741	0.8320	72.5098	-49.4995	15.0146	27.1472	-13.7769	13.1561	35.26	3.99	-1580	-228	-3662	0	0.00	0.00	0.00
0x50	 22:54:27.405	0.2700	0.5181	0.8110	50.5371	-19.1040	-22.6440	34.0521	-16.2488	8.1958	35.26	3.99	-1948	-876	-2845	0	0.00	0.00	0.00
0x50	 22:54:27.488	0.3013	0.6270	0.7031	28.7476	22.5830	-10.3760	37.2766	-14.2932	2.6642	35.26	3.99	-1773	-1509	-2470	0	0.00	0.00	0.00
0x50	 22:54:27.590	0.2690	0.6577	0.6504	25.0854	0.6714	-9.5825	40.4517	-12.6233	-1.5106	35.23	3.99	-1425	-1873	-2387	0	0.00	0.00	0.00
0x50	 22:54:27.699	0.2534	0.6733	0.6348	23.4375	-2.8076	-6.8970	43.2312	-12.1179	-6.6907	35.28	3.99	-1331	-2176	-2199	0	0.00	0.00	0.00
0x50	 22:54:27.806	0.2500	0.6860	0.6099	7.3853	-3.2959	10.1929	44.5166	-12.8210	-12.1838	35.28	3.99	-1378	-2354	-1999	0	0.00	0.00	0.00
0x50	 22:54:27.917	0.2744	0.6919	0.6592	-20.6299	-1.9531	14.1602	43.2587	-14.1449	-16.5454	35.26	3.99	-1568	-2296	-1963	0	0.00	0.00	0.00
0x50	 22:54:27.985	0.2646	0.7017	0.7153	-28.2593	-5.3101	-11.4136	41.3580	-14.6063	-21.1761	35.23	3.99	-1734	-2193	-2095	0	0.00	0.00	0.00
0x50	 22:54:28.104	0.2271	0.6113	0.7441	-102.9663	-4.0283	-24.5972	36.2109	-14.2053	-26.6144	35.25	3.99	-1829	-2073	-2240	0	0.00	0.00	0.00
0x50	 22:54:28.187	0.2368	0.4614	0.8589	-138.0005	33.6304	-58.5327	24.8511	-11.2225	-32.4701	35.27	3.99	-1642	-1446	-2839	0	0.00	0.00	0.00
0x50	 22:54:28.296	0.1753	0.3130	0.9297	-82.7026	17.8223	-27.3438	15.4413	-7.8223	-35.1563	35.25	3.99	-1239	-604	-3490	0	0.00	0.00	0.00
0x50	 22:54:28.406	0.0967	0.1401	0.9556	-80.0171	17.2729	-8.9722	8.8605	-6.2292	-34.9915	35.26	3.99	-1042	25	-3866	0	0.00	0.00	0.00
0x50	 22:54:28.490	0.0698	-0.0117	0.9834	-159.8511	30.6396	-32.7759	-1.9061	-4.1803	-36.1121	35.27	3.99	-825	1032	-4134	0	0.00	0.00	0.00
0x50	 22:54:28.589	0.0464	-0.2729	0.9795	-170.9595	29.6021	-48.7671	-15.7269	-2.3840	-37.7216	35.28	3.99	-600	2434	-4137	0	0.00	0.00	0.00
0x50	 22:54:28.697	0.0615	-0.4727	0.8613	-157.5317	-6.8970	-38.2690	-27.5262	-2.9993	-38.3148	35.26	3.99	-578	3685	-3659	0	0.00	0.00	0.00
0x50	 22:54:28.783	0.0830	-0.6538	0.7773	-52.2461	-4.6997	-8.3618	-38.4631	-4.1913	-37.9468	35.29	3.99	-715	4736	-2867	0	0.00	0.00	0.00
0x50	 22:54:28.882	0.0713	-0.6782	0.7725	-11.2915	0.9766	-3.6011	-38.6719	-4.0979	-36.2000	35.29	3.99	-784	5026	-2633	0	0.00	0.00	0.00
0x50	 22:54:28.987	0.0752	-0.6733	0.7407	-9.7656	-0.6714	-3.5400	-40.3418	-4.0430	-34.7772	35.26	3.99	-821	5155	-2543	0	0.00	0.00	0.00
0x50	 22:54:29.081	0.0762	-0.7021	0.7402	-3.9063	-1.3428	-2.1973	-40.3967	-4.2462	-33.3270	35.29	3.99	-874	5210	-2545	0	0.00	0.00	0.00
0x50	 22:54:29.190	0.0840	-0.6636	0.7632	41.1987	-7.3853	-12.2681	-39.0839	-4.7131	-32.2778	35.25	3.99	-925	5154	-2597	0	0.00	0.00	0.00
0x50	 22:54:29.299	0.0835	-0.6406	0.7563	25.1465	-4.8828	5.4321	-37.5732	-4.8560	-31.1847	35.24	3.99	-983	4944	-2726	0	0.00	0.00	0.00
0x50	 22:54:29.401	0.1030	-0.5806	0.7881	85.9375	-23.6816	4.2114	-32.9260	-5.7349	-29.5313	35.23	3.99	-1059	4606	-2893	0	0.00	0.00	0.00
0x50	 22:54:29.483	0.2012	-0.2700	0.8896	216.9800	-51.6968	43.8843	-15.2655	-9.0857	-26.0486	35.29	3.99	-1343	3339	-3343	0	0.00	0.00	0.00
0x50	 22:54:29.595	0.1426	0.0654	1.0552	146.9116	-21.4233	54.0161	5.8228	-11.2555	-18.4790	35.25	3.99	-1725	1595	-3903	0	0.00	0.00	0.00
0x50	 22:54:29.728	0.2554	0.2671	0.9546	93.1396	-19.7754	8.3618	14.9414	-13.1891	-19.0833	35.22	3.99	-2063	493	-3831	0	0.00	0.00	0.00
0x50	 22:54:29.789	0.2769	0.3677	0.8481	117.0654	-38.0249	10.1318	22.6923	-14.9304	-22.4561	35.22	3.99	-2277	-355	-3354	0	0.00	0.00	0.00
0x50	 22:54:29.884	0.2954	0.4937	0.8018	73.2422	-19.7144	-5.1880	31.8329	-17.3035	-27.6361	35.27	3.99	-2605	-1466	-2527	0	0.00	0.00	0.00
0x50	 22:54:29.993	0.3291	0.5688	0.7314	24.2920	-11.0474	-13.7939	36.0791	-17.6880	-33.1567	35.26	3.99	-2644	-1991	-1955	0	0.00	0.00	0.00
0x50	 22:54:30.085	0.3784	0.6138	0.6831	36.6821	-9.0332	-1.5869	38.9520	-18.1934	-38.3643	35.22	3.99	-2602	-2243	-1621	0	0.00	0.00	0.00
0x50	 22:54:30.196	0.3384	0.6606	0.6533	14.8315	-3.2959	-4.1504	42.2534	-18.3966	-44.4781	35.24	3.99	-2655	-2554	-1234	0	0.00	0.00	0.00
0x50	 22:54:30.279	0.3345	0.6602	0.6387	-12.7563	1.0986	-7.8125	42.4841	-18.0780	-49.7736	35.29	3.99	-2627	-2732	-1065	0	0.00	0.00	0.00
0x50	 22:54:30.387	0.2583	0.5796	0.7261	-88.5620	1.4038	-15.1367	38.3038	-17.7484	-54.2395	35.24	3.99	-2656	-2722	-1263	0	0.00	0.00	0.00
0x50	 22:54:30.496	0.2671	0.3984	0.8574	-334.2896	63.8428	-72.9370	16.9354	-12.4860	-60.3149	35.26	3.99	-2228	-1750	-2753	0	0.00	0.00	0.00
0x50	 22:54:30.600	0.1665	-0.1826	0.9756	-62.0728	-48.6450	23.8037	-4.9878	-10.3876	-57.9474	35.26	3.99	-1939	991	-4445	0	0.00	0.00	0.00
0x50	 22:54:30.684	0.2813	-0.1172	1.0444	86.4868	-77.1484	40.7715	-4.6527	-16.3861	-53.3496	35.26	3.99	-1995	2756	-4896	0	0.00	0.00	0.00
0x50	 22:54:30.786	0.3579	0.0313	0.9116	-23.8647	-32.4707	-23.1323	-2.6257	-20.3302	-50.8667	35.26	3.99	-1774	3529	-4437	0	0.00	0.00	0.00
0x50	 22:54:30.883	0.3462	-0.0356	1.0771	91.8579	123.2910	-11.4746	-1.7523	-21.2311	-50.8118	35.25	3.99	-1475	4173	-4008	0	0.00	0.00	0.00
0x50	 22:54:30.996	0.2593	0.0513	0.9331	55.9692	113.2813	-19.1040	3.8617	-12.1399	-49.0045	35.25	3.99	-236	4076	-4860	0	0.00	0.00	0.00
0x50	 22:54:31.097	-0.0146	0.0986	0.9751	-54.9927	111.3892	-7.5073	3.8232	-0.5164	-45.2197	35.26	3.99	1768	4460	-5387	0	0.00	0.00	0.00
0x50	 22:54:31.200	-0.0210	0.0142	0.9985	0.6104	-0.0610	0.0000	1.2415	1.0327	-40.5890	35.25	3.99	2559	4982	-5209	0	0.00	0.00	0.00
0x50	 22:54:31.295	-0.0264	-0.0054	0.9883	0.3662	-1.6479	1.5869	1.3019	0.9943	-36.8097	35.26	3.99	2662	5045	-5169	0	0.00	0.00	0.00
0x50	 22:54:31.379	-0.0215	0.0088	0.9966	-0.1221	0.0610	0.0000	1.2854	0.8954	-33.2336	35.28	3.99	2657	5071	-5161	0	0.00	0.00	0.00
0x50	 22:54:31.488	-0.0210	0.0083	0.9971	0.0000	0.0000	0.0000	1.2524	0.8789	-29.8828	35.23	3.99	2655	5050	-5159	0	0.00	0.00	0.00
0x50	 22:54:31.596	-0.0210	0.0078	0.9990	0.0000	0.0000	0.0000	1.2085	0.8734	-26.7078	35.22	3.99	2659	5055	-5143	0	0.00	0.00	0.00
0x50	 22:54:31.687	-0.0210	0.0083	1.0000	0.0000	0.0000	0.0000	1.1646	0.8679	-23.6975	35.24	3.99	2670	5053	-5163	0	0.00	0.00	0.00
0x50	 22:54:31.792	-0.0210	0.0083	0.9995	0.0000	0.0000	0.0000	1.1206	0.8734	-20.8466	35.24	3.99	2669	5057	-5131	0	0.00	0.00	0.00
0x50	 22:54:31.901	-0.0220	0.0083	1.0010	0.0000	0.0000	0.0000	1.0767	0.8789	-18.1494	35.22	3.99	2665	5042	-5133	0	0.00	0.00	0.00
0x50	 22:54:32.003	-0.0210	0.0083	0.9995	0.0000	0.0000	0.0000	1.0382	0.8844	-15.6061	35.26	3.99	2644	5037	-5137	0	0.00	0.00	0.00
0x50	 22:54:32.076	-0.0215	0.0083	1.0005	0.0000	0.0000	0.0000	1.0052	0.8899	-13.1946	35.25	3.99	2647	5037	-5124	0	0.00	0.00	0.00
0x50	 22:54:32.221	-0.0210	0.0093	0.9995	0.0000	0.0000	0.0000	0.9668	0.9009	-10.9149	35.25	3.99	2648	5025	-5103	0	0.00	0.00	0.00
0x50	 22:54:32.279	-0.0205	0.0083	1.0005	0.0000	0.0000	0.0000	0.9393	0.9064	-8.7726	35.25	3.99	2642	5032	-5138	0	0.00	0.00	0.00
0x50	 22:54:32.389	-0.0205	0.0083	1.0005	0.0000	0.0000	0.0000	0.9064	0.9174	-6.7401	35.26	3.99	2645	5039	-5147	0	0.00	0.00	0.00
0x50	 22:54:32.499	-0.0210	0.0078	1.0005	0.0000	0.0000	0.0000	0.8789	0.9283	-4.8230	35.26	3.99	2635	5021	-5134	0	0.00	0.00	0.00
0x50	 22:54:32.596	-0.0215	0.0083	0.9995	0.0000	0.0000	0.0000	0.8514	0.9393	-3.0103	35.23	3.99	2638	5025	-5114	0	0.00	0.00	0.00
0x50	 22:54:32.694	-0.0215	0.0083	1.0000	0.0000	0.0000	0.0000	0.8295	0.9503	-1.3019	35.26	3.99	2636	5010	-5122	0	0.00	0.00	0.00
0x50	 22:54:32.777	-0.0205	0.0088	0.9990	0.0000	0.0000	0.0000	0.8075	0.9613	0.3021	35.29	3.99	2612	5018	-5133	0	0.00	0.00	0.00
0x50	 22:54:32.879	-0.0215	0.0078	1.0000	0.0000	0.0000	0.0000	0.7855	0.9668	1.8237	35.26	3.99	2614	5016	-5136	0	0.00	0.00	0.00
0x50	 22:54:32.979	-0.0210	0.0083	0.9985	0.0000	0.0000	0.0000	0.7635	0.9833	3.2574	35.23	3.99	2608	5001	-5140	0	0.00	0.00	0.00
0x50	 22:54:33.088	-0.0210	0.0088	1.0000	0.0000	0.0000	0.0000	0.7471	0.9888	4.6088	35.22	3.99	2603	5000	-5119	0	0.00	0.00	0.00
0x50	 22:54:33.195	-0.0215	0.0093	0.9995	0.0610	0.0000	0.0000	0.7361	0.9998	5.8832	35.30	3.99	2595	4998	-5138	0	0.00	0.00	0.00
0x50	 22:54:33.279	-0.0205	0.0083	0.9995	0.0000	0.0000	0.0000	0.7196	1.0107	7.0862	35.23	3.99	2591	4984	-5128	0	0.00	0.00	0.00
0x50	 22:54:33.387	-0.0210	0.0083	0.9990	0.0000	0.0000	0.0000	0.7031	1.0217	8.2178	35.27	3.99	2585	4996	-5138	0	0.00	0.00	0.00
0x50	 22:54:33.478	-0.0210	0.0083	0.9995	0.0610	0.0000	0.0000	0.6921	1.0272	9.2834	35.26	3.99	2574	4985	-5122	0	0.00	0.00	0.00
0x50	 22:54:33.586	-0.0205	0.0088	0.9995	0.0610	0.0000	0.0000	0.6812	1.0382	10.2887	35.25	3.99	2581	4984	-5129	0	0.00	0.00	0.00
0x50	 22:54:33.696	-0.0210	0.0083	0.9985	0.0000	0.0000	0.0000	0.6647	1.0492	11.2335	35.25	3.99	2573	4971	-5104	0	0.00	0.00	0.00
0x50	 22:54:33.780	-0.0210	0.0083	0.9990	0.0610	0.0000	0.0000	0.6592	1.0547	12.1289	35.24	3.99	2569	4988	-5129	0	0.00	0.00	0.00
0x50	 22:54:33.889	-0.0215	0.0078	0.9990	0.0000	0.0000	0.0000	0.6482	1.0657	12.9694	35.26	3.99	2560	4967	-5135	0	0.00	0.00	0.00
0x50	 22:54:34.000	-0.0215	0.0083	1.0005	0.0000	0.0000	0.0000	0.6372	1.0712	13.7604	35.26	3.99	2556	4976	-5132	0	0.00	0.00	0.00
0x50	 22:54:34.098	-0.0210	0.0088	0.9995	0.0000	0.0000	0.0000	0.6262	1.0822	14.5074	35.23	3.99	2554	4971	-5166	0	0.00	0.00	0.00
0x50	 22:54:34.174	-0.0215	0.0088	0.9995	0.0000	0.0000	0.0000	0.6207	1.0876	15.2106	35.24	3.99	2550	4964	-5137	0	0.00	0.00	0.00
0x50	 22:54:34.272	-0.0210	0.0088	1.0005	0.0000	0.0000	0.0000	0.6097	1.0931	15.8698	35.24	3.99	2541	4969	-5132	0	0.00	0.00	0.00
0x50	 22:54:34.374	-0.0210	0.0088	1.0005	0.0000	0.0000	0.0000	0.6042	1.0986	16.4960	35.27	3.99	2558	4975	-5164	0	0.00	0.00	0.00
0x50	 22:54:34.478	-0.0210	0.0088	1.0010	0.0000	0.0000	0.0000	0.5988	1.1041	17.0837	35.26	3.99	2552	4963	-5163	0	0.00	0.00	0.00
0x50	 22:54:34.577	-0.0210	0.0078	0.9995	0.0000	0.0000	0.0000	0.5878	1.1151	17.6331	35.29	3.99	2547	4966	-5155	0	0.00	0.00	0.00
0x50	 22:54:34.685	-0.0210	0.0088	0.9995	0.0000	0.0000	0.0000	0.5823	1.1206	18.1549	35.26	3.99	2551	4961	-5155	0	0.00	0.00	0.00
0x50	 22:54:34.785	-0.0210	0.0088	1.0000	0.0000	0.0000	0.0000	0.5768	1.1261	18.6493	35.26	3.99	2553	4961	-5169	0	0.00	0.00	0.00
0x50	 22:54:34.895	-0.0210	0.0088	0.9995	0.0000	0.0000	0.0000	0.5713	1.1316	19.1107	35.24	3.99	2556	4970	-5174	0	0.00	0.00	0.00
0x50	 22:54:34.980	-0.0210	0.0083	1.0000	0.0000	0.0000	0.0000	0.5713	1.1316	19.5447	35.25	3.99	2543	4977	-5178	0	0.00	0.00	0.00
0x50	 22:54:35.089	-0.0210	0.0088	0.9995	0.0000	0.0000	0.0000	0.5658	1.1371	19.9567	35.28	3.99	2550	4984	-5190	0	0.00	0.00	0.00
0x50	 22:54:35.173	-0.0210	0.0088	0.9990	0.0000	0.0000	0.0000	0.5603	1.1426	20.3412	35.23	3.99	2548	4979	-5188	0	0.00	0.00	0.00
0x50	 22:54:35.285	-0.0210	0.0083	1.0000	0.0000	0.0000	0.0000	0.5548	1.1481	20.7037	35.26	3.99	2556	4983	-5183	0	0.00	0.00	0.00
0x50	 22:54:35.380	-0.0210	0.0083	1.0005	0.0000	0.0000	0.0000	0.5548	1.1481	21.0498	35.24	3.99	2548	4983	-5184	0	0.00	0.00	0.00
0x50	 22:54:35.489	-0.0210	0.0088	1.0000	0.0000	0.0000	0.0000	0.5493	1.1536	21.3684	35.22	3.99	2559	4973	-5186	0	0.00	0.00	0.00
0x50	 22:54:35.574	-0.0210	0.0083	0.9995	0.0000	0.0000	0.0000	0.5493	1.1536	21.6760	35.26	3.99	2557	4986	-5204	0	0.00	0.00	0.00
0x50	 22:54:35.674	-0.0210	0.0078	1.0000	0.0000	0.0000	0.0000	0.5438	1.1591	21.9617	35.27	3.99	2559	4986	-5198	0	0.00	0.00	0.00
0x50	 22:54:35.777	-0.0215	0.0083	1.0000	0.0000	0.0000	0.0000	0.5383	1.1646	22.2308	35.26	3.99	2553	4980	-5189	0	0.00	0.00	0.00
0x50	 22:54:35.886	-0.0210	0.0088	0.9995	0.0000	0.0000	0.0000	0.5383	1.1646	22.4835	35.25	3.99	2550	4973	-5212	0	0.00	0.00	0.00
0x50	 22:54:35.986	-0.0215	0.0083	1.0005	0.0000	0.0000	0.0000	0.5328	1.1700	22.7197	35.24	3.99	2550	4972	-5206	0	0.00	0.00	0.00
0x50	 22:54:36.082	-0.0205	0.0088	0.9995	0.0000	0.0000	0.0000	0.5328	1.1700	22.9449	35.28	3.99	2554	4978	-5191	0	0.00	0.00	0.00
0x50	 22:54:36.182	-0.0215	0.0083	0.9995	0.0000	0.0000	0.0000	0.5273	1.1755	23.1592	35.26	3.99	2558	4981	-5197	0	0.00	0.00	0.00
0x50	 22:54:36.278	-0.0215	0.0083	1.0000	0.0000	0.0000	0.0000	0.5273	1.1755	23.3569	35.26	3.99	2558	4988	-5178	0	0.00	0.00	0.00
0x50	 22:54:36.391	-0.0220	0.0088	1.0005	0.0000	0.0000	0.0000	0.5219	1.1810	23.5437	35.29	3.99	2555	4975	-5206	0	0.00	0.00	0.00
0x50	 22:54:36.479	-0.0205	0.0083	0.9995	0.0000	0.0000	0.0000	0.5219	1.1810	23.7195	35.25	3.99	2548	4974	-5199	0	0.00	0.00	0.00
0x50	 22:54:36.586	-0.0210	0.0083	1.0000	0.0000	0.0000	0.0000	0.5219	1.1810	23.8898	35.28	3.99	2545	4980	-5199	0	0.00	0.00	0.00
0x50	 22:54:36.698	-0.0205	0.0083	0.9995	0.0000	0.0000	0.0000	0.5164	1.1865	24.0436	35.24	3.99	2551	4975	-5199	0	0.00	0.00	0.00
0x50	 22:54:36.791	-0.0215	0.0083	1.0000	0.0000	0.0000	0.0000	0.5164	1.1865	24.1919	35.26	3.99	2550	4955	-5183	0	0.00	0.00	0.00
